   -0.88614161
   -0.11058869
    0.15262297
   -0.09743822
    0.00058316
   -0.06104422
   -0.05729002
   -0.05249977
   -0.07032033
    0.00992132
   -0.06340948
    0.02063974
    0.03709666
    0.04696564
    0.03234838
    0.04043886
    0.03024981
    0.03286961
    0.04746663
    0.04009812
    0.11545045
    0.04113524
    0.03573383
    0.02933301
    0.04645770
    0.03336329
    0.06879049
    0.02355031
   -0.11071551
    0.15265351
   -0.09738157
    0.00058621
   -0.06104419
   -0.05729389
   -0.05250036
   -0.07037617
    0.00993787
   -0.06338319
    0.02064298
    0.03709430
    0.04694454
    0.03236733
    0.04043285
    0.03026483
    0.03286220
    0.04739895
    0.04009779
    0.11539555
    0.04116352
    0.03574665
    0.02928946
    0.04657388
    0.03337916
    0.06873446
    0.02346118
    0.27261872
   -0.20192163
    0.27262447
   -0.20203678
