           1           2  0.45139674125632434     
           2           3   1.6223382639804331     
           2           4  0.15893571260033287     
           3           4   1.2195789360007245     
           4           5  0.99356214523109043     
           5           6  0.99378925116461203     
           6           7   1.0092077363738139     
           7           8   1.0089114855723591     
           3           9  0.99745843364975495     
           8           9  0.99171597229907171     
           4          10  0.98573119402135234     
          10          11   1.0069135083243228     
           2          12   1.0048446696513749     
          11          12  0.99619321045936760     
           5          13  0.97351052208553912     
           5          14  0.96508326929766164     
           6          15  0.97636175852505624     
           6          16  0.97561645295087862     
           7          17  0.97624410625013236     
           7          18  0.97633764398518474     
           8          19  0.97468426742081549     
           8          20  0.97552409379281646     
           9          21  0.90855563716290888     
           9          22  0.95900015493024282     
          10          23  0.96829411468554805     
          10          24  0.96797197462749496     
          11          25  0.97623063030123447     
          11          26  0.97546665856662340     
          12          27  0.95509344128996809     
          12          28  0.96208192397966064     
           1          29  0.45118825849766486     
          29          30   1.6222426200358704     
          29          31  0.15890330210495082     
          30          31   1.2196872851585967     
          31          32  0.99354849871327344     
          32          33  0.99381498832080228     
          33          34   1.0091979862730938     
          34          35   1.0089093749742284     
          30          36  0.99746624428274155     
          35          36  0.99176366497937285     
          31          37  0.98571937003815857     
          37          38   1.0069359257915813     
          29          39   1.0048325459261243     
          38          39  0.99616979189928034     
          32          40  0.97349834483301123     
          32          41  0.96510345948648613     
          33          42  0.97635026382502654     
          33          43  0.97560957611729060     
          34          44  0.97624498720711050     
          34          45  0.97634331106213423     
          35          46  0.97472464782675439     
          35          47  0.97553069945491866     
          36          48  0.90861331572106774     
          36          49  0.95893376140544073     
          37          50  0.96824364201871682     
          37          51  0.96798811566544041     
          38          52  0.97622415662365869     
          38          53  0.97547003209332128     
          39          54  0.95520174959847248     
          39          55  0.96211057973395930     
           1          56   1.1767764197755375     
           1          57  0.21368447447533295     
          56          57   2.2023712961059623     
           1          58   1.1772559336426549     
           1          59  0.21381153735184436     
          58          59   2.2021438864724265     
