   -0.89879195
   -0.10582018
    0.14947438
   -0.09980221
    0.00188159
   -0.06119472
   -0.05645261
   -0.05174823
   -0.07002879
    0.00963226
   -0.06507655
    0.01783727
    0.03725946
    0.04382095
    0.03237922
    0.04112627
    0.02835134
    0.03223514
    0.04504484
    0.03617859
    0.11988037
    0.03425656
    0.03523678
    0.03011696
    0.04519484
    0.03623283
    0.07164887
    0.03262566
   -0.11318562
    0.15126890
   -0.09566764
   -0.00026508
   -0.06139390
   -0.05798242
   -0.05298939
   -0.07250115
    0.00912681
   -0.06431023
    0.01795763
    0.03854396
    0.04879393
    0.03370120
    0.03834347
    0.03325048
    0.03213589
    0.03816243
    0.04067837
    0.11960229
    0.04658215
    0.03445001
    0.03266674
    0.03720352
    0.03326547
    0.06186817
    0.03512268
    0.27306403
   -0.19862751
    0.28002778
   -0.19039193
