           1           2  0.45519959562514128     
           2           3   1.6305133176080377     
           2           4  0.16200776097763614     
           3           4   1.2152108358183233     
           4           5  0.99445860375303241     
           5           6  0.99375091336035926     
           6           7   1.0093466399619828     
           7           8   1.0087680063725131     
           3           9  0.99599323043714372     
           8           9  0.99244003895755328     
           4          10  0.98623099651146706     
          10          11   1.0061719655093804     
           2          12   1.0033350753998149     
          11          12  0.99745600420124803     
           5          13  0.97347513614146686     
           5          14  0.96472413277470148     
           6          15  0.97636444137006539     
           6          16  0.97582781509812933     
           7          17  0.97638973840277776     
           7          18  0.97641533270252956     
           8          19  0.97545129768489225     
           8          20  0.97588933118774379     
           9          21  0.91329987379782007     
           9          22  0.95986954983663408     
          10          23  0.96913699952813837     
          10          24  0.96761641414832655     
          11          25  0.97646167688017615     
          11          26  0.97511769428610218     
          12          27  0.95223094109330542     
          12          28  0.96032950911908133     
           1          29  0.44887361788440994     
          29          30   1.6235824899950175     
          29          31  0.16153471693535829     
          30          31   1.2197540779966229     
          31          32  0.99364019427721562     
          32          33  0.99397754126897442     
          33          34   1.0092931969956564     
          34          35   1.0085846017954208     
          30          36  0.99754014464247731     
          35          36  0.99266591588252240     
          31          37  0.98752147826355341     
          37          38   1.0060776752818237     
          29          39   1.0058708153533846     
          38          39  0.99624503403959963     
          32          40  0.97340491223408721     
          32          41  0.96414896215373325     
          33          42  0.97632883783075253     
          33          43  0.97611973285340137     
          34          44  0.97618665951100736     
          34          45  0.97637453276442288     
          35          46  0.97648008105535822     
          35          47  0.97572878132706009     
          36          48  0.90337606386899461     
          36          49  0.95795920799770651     
          37          50  0.96921234792509747     
          37          51  0.96748018463087604     
          38          52  0.97690736119616017     
          38          53  0.97573978986209098     
          39          54  0.95790285988524482     
          39          55  0.96007794039545191     
           1          56   1.1908511637471280     
           1          57  0.21995306383808888     
          56          57   2.2038498904597557     
           1          58   1.1646533433065509     
           1          59  0.20802977474090883     
          58          59   2.2286863589039720     
