   -0.89331626
   -0.11071440
    0.15121185
   -0.09719604
    0.00028659
   -0.06113997
   -0.05748352
   -0.05240075
   -0.07033798
    0.00951871
   -0.06323267
    0.01768157
    0.03731438
    0.04693189
    0.03262715
    0.04039880
    0.03040621
    0.03327174
    0.04723197
    0.04064874
    0.11471555
    0.04164076
    0.03578753
    0.02937079
    0.04613935
    0.03333028
    0.07239431
    0.02572293
   -0.11108220
    0.15187702
   -0.09652745
    0.00085330
   -0.06142256
   -0.05707602
   -0.05103231
   -0.07181639
    0.00952635
   -0.06543278
    0.01746911
    0.03872949
    0.04766935
    0.03369748
    0.03861392
    0.03306514
    0.03015839
    0.03429334
    0.03328780
    0.11860994
    0.04577117
    0.03388094
    0.03313168
    0.03742510
    0.03635213
    0.06064753
    0.04363350
    0.27066854
   -0.19784916
    0.27892472
   -0.19685655
