           1           2  0.45790421763796518     
           2           3   1.6206629131698083     
           2           4  0.15890539583436428     
           3           4   1.2200527422396499     
           4           5  0.99346984585152465     
           5           6  0.99385859899945417     
           6           7   1.0092032765832508     
           7           8   1.0089066709897578     
           3           9  0.99764419918319758     
           8           9  0.99192245302468052     
           4          10  0.98568816151858973     
          10          11   1.0068088902725232     
           2          12   1.0040574314280777     
          11          12  0.99646471707530615     
           5          13  0.97350340589705242     
           5          14  0.96512555475826911     
           6          15  0.97632437022612761     
           6          16  0.97561819904811609     
           7          17  0.97621031801982605     
           7          18  0.97630841989004191     
           8          19  0.97465895794808921     
           8          20  0.97547832197875906     
           9          21  0.90864128874879835     
           9          22  0.95867040200398534     
          10          23  0.96823710994334622     
          10          24  0.96802208613053109     
          11          25  0.97623551803637632     
          11          26  0.97544542080382635     
          12          27  0.95367078150846774     
          12          28  0.96115552048622532     
           1          29  0.45159622181169345     
          29          30   1.6249239002886637     
          29          31  0.16189624535621788     
          30          31   1.2168919153191309     
          31          32  0.99377262424685331     
          32          33  0.99445279163571343     
          33          34   1.0095771634475588     
          34          35   1.0081281720104676     
          30          36  0.99632553054373796     
          35          36  0.99320581788382423     
          31          37  0.98815268339502949     
          37          38   1.0060107178183744     
          29          39   1.0039016090446538     
          38          39  0.99722874039367271     
          32          40  0.97312715910725223     
          32          41  0.96444435600639156     
          33          42  0.97624809190391149     
          33          43  0.97619092357006543     
          34          44  0.97618747149777185     
          34          45  0.97655341347656643     
          35          46  0.97632284848715167     
          35          47  0.97642834663579958     
          36          48  0.91473952109810930     
          36          49  0.95824462679508682     
          37          50  0.96968089004125568     
          37          51  0.96683248094719154     
          38          52  0.97717049092376307     
          38          53  0.97536132259629782     
          39          54  0.95807818686899182     
          39          55  0.95679512119543031     
           1          56   1.1825767511779675     
           1          57  0.21663377459781502     
          56          57   2.2096149273699974     
           1          58   1.1706693257360221     
           1          59  0.21105679100170630     
          58          59   2.2164275393257107     
