$coord
          0.000806124587          1.411268293350          0.011482761939     ni
         -3.106039152174         -1.214038414651         -0.190918427598     n
         -5.365062376074         -0.816180778630          0.617314733819     c
         -7.367416357233         -2.339336962817          0.126505720408     n
         -9.823350324804         -1.925133432037          1.249564371492     c
        -11.222369182115          0.350387459204          0.131429858116     c
        -10.379522743286          2.841996927835          1.312176877744     c
         -7.575930340620          3.399246776968          0.927812691158     c
         -5.813661580998          1.491241704150          2.207069976703     c
         -7.267023705062         -4.236073277412         -1.851063577260     c
         -4.961296464251         -3.824826572291         -3.513322709294     c
         -2.697642082353         -3.414428205399         -1.778334555797     c
        -10.926564993552         -3.644748725219          0.939573718833     h
         -9.623177640324         -1.680106026476          3.292249989162     h
        -13.247984082498          0.109157226824          0.445163613795     h
        -10.899684065033          0.400568427865         -1.906709292081     h
        -10.790617034640          2.799676067713          3.336987350893     h
        -11.485224750587          4.378413655001          0.488106740830     h
         -7.140760674977          3.468433368244         -1.087149934976     h
         -7.176222599966          5.268229541647          1.704368000431     h
         -3.949213145894          2.367482926421          2.456856377578     h
         -6.542302973866          0.977781627653          4.068513897593     h
         -8.998104353350         -4.110681605253         -2.981894997907     h
         -7.202776535598         -6.126925731276         -0.991328483389     h
         -5.221895299696         -2.138255898789         -4.673659815616     h
         -4.673441427736         -5.443005521250         -4.753992765298     h
         -0.971242774680         -3.115318800736         -2.869181948219     h
         -2.425579628459         -5.086632336771         -0.579554087415     h
          3.108312214134         -1.218033487304          0.187943100012     n
          5.363984306317         -0.818274925873         -0.628996629598     c
          7.371188749116         -2.336579083916         -0.143885172617     n
          9.825345119516         -1.910486346673         -1.266687821960     c
         11.212564190117          0.371391392177         -0.146517743790     c
         10.361648700286          2.859793828820         -1.328396943965     c
          7.555375221906          3.406429672734         -0.948896601301     c
          5.802521036335          1.487338076848         -2.224241093618     c
          7.276156867738         -4.241613128841          1.825872164084     c
          4.979534839611         -3.831574488103          3.501033862831     c
          2.707060328707         -3.417702773736          1.778572332076     c
         10.936888777874         -3.624737014965         -0.957031506040     h
          9.625149815773         -1.665748841324         -3.309454799702     h
         13.239768236262          0.139010206523         -0.456851839023     h
         10.886172805120          0.420146176538          1.891070647669     h
         10.776446858280          2.819184269180         -3.352464756517     h
         11.459901399013          4.400425863727         -0.502270937153     h
          7.117117001966          3.479831480854          1.065211829208     h
          7.148812931417          5.271343602709         -1.731684612638     h
          3.934489887755          2.354788237121         -2.476005031660     h
          6.534190804420          0.972556202245         -4.084133249792     h
          9.012914710848         -4.125178734627          2.948650633816     h
          7.202751999396         -6.128768794411          0.958745477083     h
          5.247754523503         -2.146948300840          4.662382761686     h
          4.697200630277         -5.451438515517          4.740814838302     h
          0.987015216980         -3.116812713003          2.879104249113     h
          2.425855757672         -5.089635180091          0.581551695362     h
          1.144575781469          2.896766470842          2.792695671201     c
          2.706210140814          3.612390577781          4.132391521321     o
         -1.139661409487          2.940009541415         -2.746429383039     c
         -2.699214819813          3.683174082537         -4.073633671636     o
$end
