   -0.87225831
   -0.11344246
    0.15236754
   -0.10098725
    0.00112812
   -0.06107496
   -0.05757197
   -0.05212606
   -0.07060845
    0.01141010
   -0.06525954
    0.01968866
    0.03761973
    0.04537325
    0.03289215
    0.04115033
    0.03016943
    0.03346829
    0.04923994
    0.04057313
    0.11455802
    0.03877019
    0.03153464
    0.03173722
    0.03365378
    0.03710072
    0.03572832
    0.06497069
   -0.11334780
    0.15240548
   -0.10115398
    0.00113255
   -0.06106570
   -0.05757599
   -0.05209991
   -0.07063862
    0.01143677
   -0.06525183
    0.01969675
    0.03761171
    0.04541586
    0.03288705
    0.04111499
    0.03017047
    0.03346302
    0.04924341
    0.04055970
    0.11440233
    0.03873456
    0.03149491
    0.03174116
    0.03369483
    0.03708236
    0.03578399
    0.06511945
    0.27129079
   -0.19717656
    0.27132407
   -0.19730107
