           1           2  0.44355662872422780     
           2           3   1.6311364486748201     
           2           4  0.15953804236508620     
           3           4   1.2118032780225472     
           4           5  0.99288986328431061     
           5           6  0.99435515660719431     
           6           7   1.0091422754198800     
           7           8   1.0092463747261486     
           3           9  0.99798073398968801     
           8           9  0.98929108165638902     
           4          10  0.98947194691805540     
          10          11   1.0048663070332211     
           2          12   1.0047438222020724     
          11          12  0.99772086185268327     
           5          13  0.97237096127586442     
           5          14  0.96344970813700792     
           6          15  0.97652596727895025     
           6          16  0.97600453301255929     
           7          17  0.97618144582766098     
           7          18  0.97623978526642385     
           8          19  0.97384385874658486     
           8          20  0.97516102292655049     
           9          21  0.90925869964040229     
           9          22  0.96267375269597433     
          10          23  0.96678768699157913     
          10          24  0.96898966493227046     
          11          25  0.97562170809845916     
          11          26  0.97688649510105585     
          12          27  0.95884727578298135     
          12          28  0.95446021224885003     
           1          29  0.44346794690425251     
          29          30   1.6313703894482656     
          29          31  0.15944882901563032     
          30          31   1.2115760459514899     
          31          32  0.99286027470303140     
          32          33  0.99435314155492927     
          33          34   1.0091338867255171     
          34          35   1.0092460025490380     
          30          36  0.99799293567926395     
          35          36  0.98924818107468904     
          31          37  0.98944647364844163     
          37          38   1.0048756889532300     
          29          39   1.0046909871303473     
          38          39  0.99774629508422208     
          32          40  0.97237838124238585     
          32          41  0.96345331034680626     
          33          42  0.97653101011672394     
          33          43  0.97600385741193008     
          34          44  0.97618879584445639     
          34          45  0.97624231987333743     
          35          46  0.97384075103114454     
          35          47  0.97515663598295543     
          36          48  0.90943266470001216     
          36          49  0.96272083633731298     
          37          50  0.96678141211637958     
          37          51  0.96901091710106835     
          38          52  0.97561631038413843     
          38          53  0.97685508003558763     
          39          54  0.95884675903769090     
          39          55  0.95442714179582644     
           1          56   1.1789142167201041     
           1          57  0.21605684960039803     
          56          57   2.2050062665657055     
           1          58   1.1791781042756875     
           1          59  0.21606399225683937     
          58          59   2.2048607130735203     
