   -0.89050340
   -0.10568952
    0.15124007
   -0.09652204
    0.00007571
   -0.06106174
   -0.05769370
   -0.05168682
   -0.07215362
    0.00951809
   -0.06327143
    0.01946925
    0.03819948
    0.04844743
    0.03327292
    0.03796731
    0.03270010
    0.03174553
    0.03756815
    0.03957775
    0.11616549
    0.04550765
    0.03378183
    0.03206565
    0.03794679
    0.03282859
    0.06626043
    0.03253616
   -0.11427499
    0.15387084
   -0.09792562
    0.00055736
   -0.06101100
   -0.05800345
   -0.05213110
   -0.07059490
    0.01099789
   -0.06576848
    0.02320052
    0.03879016
    0.04655071
    0.03369775
    0.03882232
    0.03251176
    0.03223974
    0.04180465
    0.04040113
    0.11844717
    0.04342671
    0.02856945
    0.03352330
    0.03319070
    0.04678348
    0.02391743
    0.06633093
    0.27421191
   -0.19374032
    0.27200866
   -0.19869678
