           1           2  0.45423266842155285     
           2           3   1.6268598933816698     
           2           4  0.16113522324328147     
           3           4   1.2182116610407181     
           4           5  0.99389847233876061     
           5           6  0.99394169254483333     
           6           7   1.0092638861746814     
           7           8   1.0086064611938084     
           3           9  0.99766379683203066     
           8           9  0.99290803589407983     
           4          10  0.98712405986528906     
          10          11   1.0063089212538681     
           2          12   1.0050377411823153     
          11          12  0.99604173880041258     
           5          13  0.97339712156397218     
           5          14  0.96434309676269292     
           6          15  0.97635310016701027     
           6          16  0.97606613863397607     
           7          17  0.97621568930155822     
           7          18  0.97643002130654188     
           8          19  0.97646923463582747     
           8          20  0.97583903449847986     
           9          21  0.90934761313088397     
           9          22  0.95780578574275577     
          10          23  0.96884746926554954     
          10          24  0.96773891167511050     
          11          25  0.97665485240887262     
          11          26  0.97576348892555209     
          12          27  0.95550815898769392     
          12          28  0.96044076453304372     
           1          29  0.44276345179122945     
          29          30   1.6278635095987783     
          29          31  0.16024367736436423     
          30          31   1.2165486089631776     
          31          32  0.99336465825905407     
          32          33  0.99472514529902689     
          33          34   1.0091777840840379     
          34          35   1.0089585624376203     
          30          36  0.99670109735418455     
          35          36  0.99067098501410578     
          31          37  0.98927035117395090     
          37          38   1.0052040710691161     
          29          39   1.0047148325480371     
          38          39  0.99789665933872396     
          32          40  0.97251599600720695     
          32          41  0.96252155676569240     
          33          42  0.97651935572054360     
          33          43  0.97629615337915254     
          34          44  0.97613496401288513     
          34          45  0.97633045451170120     
          35          46  0.97555838640798853     
          35          47  0.97543692182467034     
          36          48  0.90490278821624914     
          36          49  0.96165307838767289     
          37          50  0.96696985519696943     
          37          51  0.96840143810469859     
          38          52  0.97550220882924765     
          38          53  0.97632604800571121     
          39          54  0.96088365421570743     
          39          55  0.95392968472106743     
           1          56   1.1691853363536588     
           1          57  0.21147349898534445     
          56          57   2.2171289135179482     
           1          58   1.1810616621810717     
           1          59  0.21642088034171314     
          58          59   2.2059220022074859     
