   -0.88767469
   -0.11065862
    0.15134242
   -0.09711844
    0.00027593
   -0.06105743
   -0.05778633
   -0.05202052
   -0.07202127
    0.00965010
   -0.06317456
    0.01983512
    0.03815498
    0.04832098
    0.03336788
    0.03799420
    0.03275264
    0.03194917
    0.03836561
    0.04015997
    0.11721960
    0.04523905
    0.03389925
    0.03214583
    0.03642746
    0.03241006
    0.06611429
    0.03291026
   -0.11088487
    0.15137626
   -0.09709353
    0.00031763
   -0.06106769
   -0.05778646
   -0.05206323
   -0.07205859
    0.00968040
   -0.06318134
    0.01992227
    0.03815060
    0.04825182
    0.03338818
    0.03797993
    0.03278758
    0.03195500
    0.03829941
    0.04018425
    0.11731909
    0.04533310
    0.03388981
    0.03208670
    0.03648534
    0.03236389
    0.06582244
    0.03285944
    0.27373488
   -0.19439878
    0.27384529
   -0.19452175
