           1           2  0.44835266433836535     
           2           3   1.6264498503394802     
           2           4  0.16137952486235860     
           3           4   1.2183885003074242     
           4           5  0.99365813521049828     
           5           6  0.99401074478100027     
           6           7   1.0092516172959307     
           7           8   1.0086187034485474     
           3           9  0.99773909125990634     
           8           9  0.99272238724544526     
           4          10  0.98750973338791859     
          10          11   1.0058765570340771     
           2          12   1.0054165233361314     
          11          12  0.99625049191007276     
           5          13  0.97344776799936983     
           5          14  0.96415586199944381     
           6          15  0.97636112339574532     
           6          16  0.97614357801287754     
           7          17  0.97620819550817539     
           7          18  0.97639814828406024     
           8          19  0.97638409005549298     
           8          20  0.97572328045355472     
           9          21  0.90803620715096278     
           9          22  0.95800498687703706     
          10          23  0.96923832675038502     
          10          24  0.96759503595465568     
          11          25  0.97649407722818760     
          11          26  0.97575368934680151     
          12          27  0.95454508405895588     
          12          28  0.96025119651225843     
           1          29  0.44797858104877392     
          29          30   1.6264226199144332     
          29          31  0.16134884809316175     
          30          31   1.2183456625545190     
          31          32  0.99364488220520908     
          32          33  0.99403670723124504     
          33          34   1.0092385288811860     
          34          35   1.0086222902473430     
          30          36  0.99777608653552141     
          35          36  0.99272249803353296     
          31          37  0.98755975123934725     
          37          38   1.0058937468392828     
          29          39   1.0054269829504201     
          38          39  0.99625758356165806     
          32          40  0.97342609309629768     
          32          41  0.96418437204270591     
          33          42  0.97633968380548242     
          33          43  0.97615705374624506     
          34          44  0.97621371661892253     
          34          45  0.97639865437072437     
          35          46  0.97641440533357537     
          35          47  0.97573335712422304     
          36          48  0.90797074516019260     
          36          49  0.95796799070863803     
          37          50  0.96923035708130711     
          37          51  0.96757890262778079     
          38          52  0.97654119495821123     
          38          53  0.97576068740327138     
          39          54  0.95460875409508272     
          39          55  0.96024056016384540     
           1          56   1.1791589463910663     
           1          57  0.21517581133529731     
          56          57   2.2123764758922460     
           1          58   1.1790068431948262     
           1          59  0.21494866174963886     
          58          59   2.2124470962400209     
