   -0.87425537
   -0.11339059
    0.15228807
   -0.10084084
    0.00110105
   -0.06112693
   -0.05759878
   -0.05221408
   -0.07088546
    0.01136789
   -0.06521830
    0.01969559
    0.03755882
    0.04554158
    0.03296596
    0.04087071
    0.03037268
    0.03337871
    0.04825154
    0.04077767
    0.11550209
    0.03910873
    0.03151973
    0.03179387
    0.03351550
    0.03706260
    0.03548245
    0.06529142
   -0.11373689
    0.15231957
   -0.10087540
    0.00110751
   -0.06111996
   -0.05758769
   -0.05220542
   -0.07093223
    0.01138034
   -0.06525872
    0.01973381
    0.03755482
    0.04554684
    0.03294683
    0.04088466
    0.03035580
    0.03337114
    0.04823538
    0.04074778
    0.11553791
    0.03907374
    0.03155484
    0.03179396
    0.03354324
    0.03701985
    0.03563455
    0.06514140
    0.27167394
   -0.19652988
    0.27163528
   -0.19646331
