           1           2  0.44260151827281163     
           2           3   1.6316472131501703     
           2           4  0.15968234288093827     
           3           4   1.2117388559724025     
           4           5  0.99315671444472020     
           5           6  0.99425348570166494     
           6           7   1.0091594125788181     
           7           8   1.0092201185903105     
           3           9  0.99797303636468615     
           8           9  0.98939040872671369     
           4          10  0.98949503311467224     
          10          11   1.0046939245953890     
           2          12   1.0048272858284009     
          11          12  0.99777698855946584     
           5          13  0.97221890654224452     
           5          14  0.96348853223564523     
           6          15  0.97648637284393547     
           6          16  0.97604513543709059     
           7          17  0.97617270843655257     
           7          18  0.97623575741972135     
           8          19  0.97429368165487995     
           8          20  0.97516087387129846     
           9          21  0.90814726905299714     
           9          22  0.96248512638748829     
          10          23  0.96678085729796814     
          10          24  0.96903221715555221     
          11          25  0.97562988761446823     
          11          26  0.97681555922756025     
          12          27  0.95904802000862066     
          12          28  0.95404725190696904     
           1          29  0.44171435876004600     
          29          30   1.6317011410795830     
          29          31  0.15966177851047669     
          30          31   1.2116736023230317     
          31          32  0.99317002908213559     
          32          33  0.99423837729328179     
          33          34   1.0091653842888699     
          34          35   1.0092104496272996     
          30          36  0.99798875674741871     
          35          36  0.98941781849358124     
          31          37  0.98949774795428214     
          37          38   1.0046721353062249     
          29          39   1.0049039421247670     
          38          39  0.99778158138395745     
          32          40  0.97220914832481942     
          32          41  0.96349297867175387     
          33          42  0.97648820817693649     
          33          43  0.97603898584726179     
          34          44  0.97616726819855737     
          34          45  0.97624010207060252     
          35          46  0.97428846450539286     
          35          47  0.97516475486439358     
          36          48  0.90811881631757418     
          36          49  0.96245446051370453     
          37          50  0.96677387148883542     
          37          51  0.96905227111572434     
          38          52  0.97563370214335321     
          38          53  0.97684326714769021     
          39          54  0.95899265478870244     
          39          55  0.95409121838780719     
           1          56   1.1780059292287819     
           1          57  0.21569553860360804     
          56          57   2.2064092833160438     
           1          58   1.1783415055509934     
           1          59  0.21587668859605344     
          58          59   2.2063589760683420     
