    0.17655047
   -0.24485908
    0.11937571
   -0.21223247
   -0.00495193
   -0.05082018
   -0.04944923
   -0.05290713
   -0.04965578
   -0.00044028
   -0.04666533
    0.00478666
    0.04014169
    0.04258272
    0.03666896
    0.05628398
    0.03974335
    0.04260682
    0.07985719
    0.05145223
    0.06031093
    0.04873600
    0.04766550
    0.03928728
    0.03429741
    0.04992124
    0.06669224
    0.05617302
   -0.24647381
    0.12024851
   -0.21331403
   -0.00469920
   -0.05082014
   -0.04943535
   -0.05287435
   -0.04967808
   -0.00016137
   -0.04664329
    0.00518837
    0.04016603
    0.04258759
    0.03667246
    0.05639394
    0.03973355
    0.04259009
    0.07965170
    0.05134744
    0.06031580
    0.04872447
    0.04782135
    0.03930447
    0.03432004
    0.04994701
    0.06712995
    0.05606411
    0.17109356
   -0.46361622
    0.17097126
   -0.46370783
