           1           2  0.44259794377256156     
           2           3   1.6316474423850198     
           2           4  0.15968246457241278     
           3           4   1.2117388375054394     
           4           5  0.99315671392268834     
           5           6  0.99425349502640037     
           6           7   1.0091594179802319     
           7           8   1.0092201317114167     
           3           9  0.99797312182385811     
           8           9  0.98939039454063726     
           4          10  0.98949508480713133     
          10          11   1.0046939265808017     
           2          12   1.0048276145613466     
          11          12  0.99777697987661396     
           5          13  0.97221890945210931     
           5          14  0.96348853328287909     
           6          15  0.97648636662736155     
           6          16  0.97604513742862586     
           7          17  0.97617269938583906     
           7          18  0.97623575000691643     
           8          19  0.97429368398165583     
           8          20  0.97516084911553647     
           9          21  0.90814705433872656     
           9          22  0.96248513263942814     
          10          23  0.96678085540690550     
          10          24  0.96903222259049171     
          11          25  0.97562990456899634     
          11          26  0.97681560427486769     
          12          27  0.95904810498351212     
          12          28  0.95404781162017382     
           1          29  0.44171201199281884     
          29          30   1.6317016910967701     
          29          31  0.15966192695704567     
          30          31   1.2116733472299024     
          31          32  0.99317006416411102     
          32          33  0.99423838454778246     
          33          34   1.0091653901182136     
          34          35   1.0092104715229160     
          30          36  0.99798878128685664     
          35          36  0.98941781133372975     
          31          37  0.98949776698994429     
          37          38   1.0046721516232020     
          29          39   1.0049042548263181     
          38          39  0.99778154174939326     
          32          40  0.97220914396601388     
          32          41  0.96349297377451615     
          33          42  0.97648820796699098     
          33          43  0.97603898160381042     
          34          44  0.97616725612775102     
          34          45  0.97624009321862104     
          35          46  0.97428840017876206     
          35          47  0.97516473944317150     
          36          48  0.90811832995204900     
          36          49  0.96245447577206633     
          37          50  0.96677387127390058     
          37          51  0.96905228358261741     
          38          52  0.97563371792868792     
          38          53  0.97684331825359338     
          39          54  0.95899272474860298     
          39          55  0.95409186906286458     
           1          56   1.1779986767295418     
           1          57  0.21568977578587437     
          56          57   2.2064128951141440     
           1          58   1.1783563289095302     
           1          59  0.21588455418993144     
          58          59   2.2063559028665898     
