   -0.88524849
   -0.11174710
    0.15028880
   -0.09873034
    0.00118213
   -0.06158545
   -0.05724976
   -0.04993836
   -0.07197382
    0.01039221
   -0.06747169
    0.01789593
    0.03856102
    0.04664609
    0.03369584
    0.03830406
    0.03237788
    0.02982644
    0.03519709
    0.03275633
    0.12133728
    0.04298887
    0.02992432
    0.03345447
    0.03576607
    0.04546350
    0.03384256
    0.07438238
   -0.11241212
    0.15113847
   -0.09990393
    0.00067492
   -0.06126459
   -0.05759785
   -0.05203951
   -0.07096902
    0.01091811
   -0.06736508
    0.01924945
    0.03778913
    0.04546337
    0.03294851
    0.04149011
    0.03002133
    0.03370993
    0.04992420
    0.04053992
    0.11103032
    0.03899826
    0.03213548
    0.03187764
    0.03373154
    0.03973527
    0.03939813
    0.06456009
    0.27735625
   -0.19434876
    0.26869880
   -0.19582663
