           1           2  0.44722827669591508     
           2           3   1.6332273897768270     
           2           4  0.16138618063601484     
           3           4   1.2106422866522930     
           4           5  0.99615089433633575     
           5           6  0.99362061612744312     
           6           7   1.0096089800554040     
           7           8   1.0083153809391965     
           3           9  0.99638189234814512     
           8           9  0.99281769421039034     
           4          10  0.98964309795712868     
          10          11   1.0028490266427927     
           2          12   1.0033960581157300     
          11          12  0.99926661129198180     
           5          13  0.97075136471267665     
           5          14  0.96354101131201353     
           6          15  0.97634771634393247     
           6          16  0.97641265315425141     
           7          17  0.97610521560893315     
           7          18  0.97650446439874516     
           8          19  0.97476226064748284     
           8          20  0.97588684189636488     
           9          21  0.91009704975926653     
           9          22  0.95981488318105845     
          10          23  0.96692725571137439     
          10          24  0.96924788675876483     
          11          25  0.97522728060008412     
          11          26  0.97662766026284309     
          12          27  0.96040092498860186     
          12          28  0.94706446104811426     
           1          29  0.44551027639887220     
          29          30   1.6300969773434479     
          29          31  0.15935989345020268     
          30          31   1.2116890164922067     
          31          32  0.99335334562561162     
          32          33  0.99406382274673732     
          33          34   1.0091942503944216     
          34          35   1.0093476109388786     
          30          36  0.99793190645400909     
          35          36  0.98933476149594213     
          31          37  0.98938254313315688     
          37          38   1.0044484128178572     
          29          39   1.0044570489771856     
          38          39  0.99805251633385750     
          32          40  0.97203276679032014     
          32          41  0.96355843828905585     
          33          42  0.97649124650302399     
          33          43  0.97597576484137338     
          34          44  0.97615504251545770     
          34          45  0.97621548943595193     
          35          46  0.97339166165318691     
          35          47  0.97519054161677787     
          36          48  0.91261325650164815     
          36          49  0.96233207630570972     
          37          50  0.96660449469935150     
          37          51  0.96926066112629061     
          38          52  0.97564214426033824     
          38          53  0.97576978287595173     
          39          54  0.95752256679911407     
          39          55  0.95343642514600313     
           1          56   1.1627226155275443     
           1          57  0.20978359944900693     
          56          57   2.2189858704273244     
           1          58   1.1832601154719857     
           1          59  0.21903022195287342     
          58          59   2.2077821127601465     
