   -0.89254624
   -0.11040249
    0.15381848
   -0.09689553
    0.00041394
   -0.06110768
   -0.05790856
   -0.05215628
   -0.07082657
    0.01066187
   -0.06556895
    0.02187941
    0.03888630
    0.04639963
    0.03366394
    0.03921727
    0.03244272
    0.03208708
    0.04139644
    0.03992469
    0.11801933
    0.04367406
    0.02900301
    0.03351825
    0.03349624
    0.04711997
    0.02463590
    0.06730604
   -0.11050621
    0.15384998
   -0.09688027
    0.00041769
   -0.06110573
   -0.05791558
   -0.05217491
   -0.07083376
    0.01065608
   -0.06551967
    0.02192132
    0.03890078
    0.04634752
    0.03366883
    0.03926597
    0.03244763
    0.03209565
    0.04143574
    0.03992815
    0.11809162
    0.04366051
    0.02901333
    0.03352435
    0.03348862
    0.04718112
    0.02446540
    0.06720111
    0.27229391
   -0.19867929
    0.27233908
   -0.19873124
