           1           2  0.44817804815306250     
           2           3   1.6263684257042064     
           2           4  0.16027665544622346     
           3           4   1.2171627994858045     
           4           5  0.99352459281659478     
           5           6  0.99477299977775435     
           6           7   1.0092065731129047     
           7           8   1.0089481759194578     
           3           9  0.99638672137914264     
           8           9  0.99073487030363427     
           4          10  0.98910883549204154     
          10          11   1.0053260155457773     
           2          12   1.0046347666462367     
          11          12  0.99776124962011148     
           5          13  0.97248595472374977     
           5          14  0.96244430544800652     
           6          15  0.97650695026726009     
           6          16  0.97627790535595627     
           7          17  0.97616198329167925     
           7          18  0.97634102032777181     
           8          19  0.97574612156408735     
           8          20  0.97552402776227398     
           9          21  0.90527560243870575     
           9          22  0.96166540738936335     
          10          23  0.96699764373960762     
          10          24  0.96828718174402806     
          11          25  0.97546471068052309     
          11          26  0.97624002091444051     
          12          27  0.96133693224888206     
          12          28  0.95435813021772042     
           1          29  0.44811773294389567     
          29          30   1.6261977938955052     
          29          31  0.16027443214580078     
          30          31   1.2173122101350971     
          31          32  0.99348133072471190     
          32          33  0.99481282211408750     
          33          34   1.0092104378901774     
          34          35   1.0089441589810293     
          30          36  0.99637449645351484     
          35          36  0.99074479236837543     
          31          37  0.98906653006361600     
          37          38   1.0053848008650035     
          29          39   1.0046748420020097     
          38          39  0.99770224165238308     
          32          40  0.97252831154219666     
          32          41  0.96243136161976206     
          33          42  0.97651231232113411     
          33          43  0.97626757283079924     
          34          44  0.97615808657915881     
          34          45  0.97634183582498602     
          35          46  0.97574533685942055     
          35          47  0.97552201464594956     
          36          48  0.90517843621428418     
          36          49  0.96169706813108868     
          37          50  0.96702091301622028     
          37          51  0.96825439917791223     
          38          52  0.97546543739475822     
          38          53  0.97623218213421414     
          39          54  0.96137396888477178     
          39          55  0.95448720962542355     
           1          56   1.1709291204188281     
           1          57  0.21260698996817601     
          56          57   2.2100467349500152     
           1          58   1.1710069960060263     
           1          59  0.21258120686647433     
          58          59   2.2100143852196066     
